(5    6)     1    1      1    1       (6    5)     1    1      2    1       z
(6)     1     2     2      2     2       1     (6)     2     2      3     2         z
3     5     6     5      5     6       5     3     2     3     2     1     (6)       z
(5     6)     1     1      1     1      (6)       1         z
(5     6)     1     1      1     1       (6     5)     1     1      2     1       z
(6)     1     2     2      2     2       1     (6)     2     2      3     2         z


3     5     6     5      5     6       5     3     2     3     2     1     (6)       z
(5     6)     1     1      1     1      (6)     1          z
(5     6)     1     1      1     1       (6     5)     1     1       2     1       z
(6)     1     2     2      2     2       1     (6)     2     2       3     2         z

3     5     6     5      5     6       5     3     2     3     2     1     (6)     z
(5     6)     1     1      1     1       2     1         z
3     5     6     6      6     6       [1]     6     5     5      6     5        z
3     2     1     1      1     1     2     3         z
3     2     1     1      1     1       [1]     6     5     5      6     5     3     5     6        z
(6)     3     2      3     2     1         z
